                precision    recall  f1-score   support

         actor       1.00      1.00      1.00        14
         adult       0.86      0.95      0.90        20
     afternoon       1.00      0.86      0.92        14
         alive       1.00      1.00      1.00         8
       alright       0.72      1.00      0.84        21
        animal       1.00      1.00      1.00        20
        artist       0.88      1.00      0.93        14
        attack       1.00      0.80      0.89        15
        author       1.00      1.00      1.00        14
          baby       0.89      0.85      0.87        20
           bad       0.94      0.71      0.81        21
           bag       1.00      0.57      0.73        14
          ball       1.00      1.00      1.00        15
          bank       0.94      0.85      0.89        20
      bathroom       0.93      0.93      0.93        14
     beautiful       1.00      0.88      0.93         8
           bed       1.00      0.64      0.78        14
       bedroom       1.00      0.93      0.96        14
       bicycle       0.83      0.95      0.88        20
     big large       0.90      0.90      0.90        21
          bill       1.00      1.00      1.00        14
          bird       1.00      1.00      1.00        20
         black       0.82      0.90      0.86        20
         blind       0.53      1.00      0.70         8
          blue       0.68      0.85      0.76        20
          boat       1.00      1.00      1.00        21
          book       0.80      0.86      0.83        14
           box       0.87      0.93      0.90        14
           boy       0.54      1.00      0.70        21
       brother       0.78      1.00      0.88        21
         brown       0.57      1.00      0.72        21
           bus       0.95      1.00      0.98        20
        camera       1.00      1.00      1.00        14
           car       1.00      1.00      1.00        20
          card       0.81      0.93      0.87        14
           cat       1.00      1.00      1.00        20
    cell phone       0.54      1.00      0.70        14
         chair       0.92      0.86      0.89        14
         cheap       1.00      0.12      0.22         8
         child       0.83      0.75      0.79        20
          city       1.00      1.00      1.00        20
         clean       1.00      1.00      1.00         8
         clock       0.93      1.00      0.96        13
      clothing       0.57      0.80      0.67        20
          cold       1.00      0.95      0.97        20
        colour       0.95      0.95      0.95        20
      computer       0.93      1.00      0.97        14
          cool       1.00      1.00      1.00        21
         court       0.79      0.95      0.86        20
           cow       1.00      1.00      1.00        21
         crowd       0.95      1.00      0.98        20
        curved       1.00      1.00      1.00         8
      daughter       0.67      0.70      0.68        20
          dead       1.00      0.88      0.93         8
          deaf       1.00      0.50      0.67         8
         death       1.00      1.00      1.00        14
          deep       1.00      1.00      1.00         8
         dirty       0.80      1.00      0.89         8
        doctor       1.00      1.00      1.00        14
           dog       1.00      1.00      1.00        20
          door       1.00      1.00      1.00        14
         dream       1.00      1.00      1.00        14
         dress       0.62      0.40      0.48        20
           dry       1.00      0.90      0.95        21
      election       0.82      1.00      0.90        14
        energy       0.83      0.71      0.77        14
       evening       1.00      0.71      0.83        14
    ex monsoon       1.00      1.00      1.00        14
      exercise       0.93      1.00      0.97        14
     expensive       0.89      1.00      0.94         8
          fall       1.00      0.60      0.75        15
        family       0.67      0.24      0.35        17
        famous       1.00      0.62      0.77         8
           fan       0.79      1.00      0.88        15
          fast       1.00      0.95      0.98        21
        father       1.00      0.95      0.97        20
        female       1.00      0.50      0.67         8
          fish       0.95      1.00      0.98        20
          flat       1.00      0.75      0.86         8
        friday       1.00      0.14      0.25        14
        friend       1.00      0.50      0.67        20
          gift       0.92      0.86      0.89        14
          girl       0.50      0.25      0.33        20
           god       0.73      0.57      0.64        14
          good       0.80      0.95      0.87        21
good afternoon       1.00      1.00      1.00        22
  good evening       0.95      1.00      0.98        21
  good morning       0.91      0.95      0.93        21
    good night       0.81      1.00      0.89        21
   grandfather       1.00      1.00      1.00        17
   grandmother       0.94      1.00      0.97        17
         green       0.75      0.90      0.82        20
          grey       1.00      1.00      1.00        21
        ground       0.95      1.00      0.98        20
           gun       1.00      0.79      0.88        14
         happy       0.75      1.00      0.86        21
          hard       1.00      0.50      0.67         8
           hat       0.91      1.00      0.95        20
            he       0.83      0.95      0.89        21
       healthy       1.00      1.00      1.00        21
         heavy       1.00      0.62      0.77         8
         hello       0.95      1.00      0.98        21
          high       1.00      1.00      1.00         8
         horse       0.91      1.00      0.95        20
      hospital       1.00      0.85      0.92        20
           hot       0.95      0.86      0.90        21
          hour       1.00      1.00      1.00        14
         house       1.00      1.00      1.00        20
   how are you       0.95      1.00      0.98        21
       husband       0.53      0.95      0.68        20
             i       0.86      0.86      0.86        21
         india       0.89      0.80      0.84        20
            it       1.00      1.00      1.00        21
           job       1.00      0.93      0.96        14
           key       0.92      0.79      0.85        14
          king       1.00      0.80      0.89        20
       kitchen       0.93      0.93      0.93        14
          lamp       0.92      0.79      0.85        14
        laptop       1.00      0.86      0.92        14
        lawyer       0.91      0.71      0.80        14
        letter       1.00      0.86      0.92        14
       library       0.95      1.00      0.98        20
         light       1.00      0.38      0.55         8
      location       0.83      1.00      0.91        20
          lock       0.93      0.93      0.93        14
          long       0.86      0.86      0.86        21
         loose       1.00      0.62      0.77         8
          loud       0.83      0.95      0.89        21
           low       1.00      1.00      1.00         8
          male       1.00      0.88      0.93         8
           man       0.90      0.95      0.93        20
       manager       1.00      1.00      1.00        14
        market       0.83      0.95      0.88        20
      marriage       0.92      0.79      0.85        14
          mean       0.80      1.00      0.89         8
      medicine       0.88      1.00      0.93        14
        minute       0.78      1.00      0.88        14
        monday       0.61      1.00      0.76        14
         money       0.73      0.57      0.64        14
         month       0.80      0.86      0.83        14
       morning       1.00      0.71      0.83        14
        mother       0.65      1.00      0.78        20
         mouse       0.95      1.00      0.98        20
        narrow       0.89      0.76      0.82        21
     neighbour       1.00      1.00      1.00        20
           new       0.95      1.00      0.98        21
     newspaper       1.00      1.00      1.00        14
          nice       0.00      0.00      0.00         4
         night       0.79      1.00      0.88        15
        office       0.62      0.65      0.63        20
           old       0.91      1.00      0.95        21
        orange       0.80      1.00      0.89        20
          page       0.87      0.93      0.90        14
         paint       0.93      0.93      0.93        15
          pant       0.91      1.00      0.95        20
         paper       0.92      0.79      0.85        14
        parent       0.95      1.00      0.98        20
          park       1.00      1.00      1.00        20
       patient       1.00      0.79      0.88        14
         peace       1.00      1.00      1.00        14
           pen       1.00      0.79      0.88        14
        pencil       0.72      0.93      0.81        14
    photograph       0.89      0.57      0.70        14
          pink       0.54      0.95      0.69        20
         plane       1.00      1.00      1.00        21
        player       1.00      0.95      0.97        20
       pleased       0.91      0.95      0.93        21
        pocket       0.95      0.95      0.95        20
        police       1.00      1.00      1.00        14
          poor       1.00      1.00      1.00         8
     president       0.80      1.00      0.89        20
         price       0.93      1.00      0.97        14
        priest       0.80      0.80      0.80        15
         queen       0.74      1.00      0.85        20
         quiet       1.00      1.00      1.00        21
race ethnicity       0.81      0.93      0.87        14
         radio       1.00      0.64      0.78        14
           red       0.78      0.70      0.74        20
      religion       1.00      1.00      1.00        14
      reporter       1.00      0.71      0.83        14
    restaurant       1.00      1.00      1.00        20
          rich       1.00      1.00      1.00         8
          ring       0.93      0.93      0.93        14
           sad       1.00      0.88      0.93         8
      saturday       0.42      0.79      0.55        14
        school       1.00      1.00      1.00        20
       science       1.00      0.93      0.96        14
        screen       1.00      1.00      1.00        14
        season       1.00      0.93      0.96        14
        second       0.92      0.73      0.81        15
     secretary       1.00      0.64      0.78        14
       shallow       1.00      1.00      1.00         8
           she       0.89      0.81      0.85        21
         shirt       0.79      0.95      0.86        20
         shoes       0.60      0.90      0.72        20
         short       0.88      1.00      0.93        21
          sick       1.00      1.00      1.00        21
          sign       1.00      0.79      0.88        14
        sister       1.00      0.70      0.82        20
         skirt       1.00      0.89      0.94        19
          slow       0.95      0.86      0.90        21
  small little       1.00      0.95      0.98        21
          soap       0.87      0.93      0.90        14
          soft       1.00      0.75      0.86         8
       soldier       0.88      1.00      0.93        14
           son       0.70      0.80      0.74        20
         sport       0.93      1.00      0.97        14
        spring       1.00      1.00      1.00        14
 store or shop       0.89      0.85      0.87        20
street or road       0.94      0.80      0.86        20
        strong       1.00      0.75      0.86         8
       student       0.93      1.00      0.97        14
          suit       0.95      0.95      0.95        19
        summer       1.00      1.00      1.00        14
        sunday       0.75      0.64      0.69        14
         table       1.00      0.57      0.73        14
          tall       1.00      1.00      1.00        21
       teacher       0.74      1.00      0.85        14
          team       1.00      1.00      1.00        14
    technology       0.88      1.00      0.93        14
     telephone       0.93      0.93      0.93        14
    television       1.00      1.00      1.00        14
        temple       0.95      0.95      0.95        20
     thank you       0.95      1.00      0.98        21
          they       0.95      1.00      0.98        21
         thick       1.00      1.00      1.00         8
          thin       1.00      0.75      0.86         4
      thursday       0.58      0.50      0.54        14
         tight       1.00      0.62      0.77         8
          time       1.00      0.33      0.50        15
         today       0.56      1.00      0.72        14
      tomorrow       0.75      0.43      0.55        14
          tool       0.87      0.93      0.90        14
         train       1.00      0.90      0.95        21
 train station       1.00      0.95      0.97        20
  train ticket       1.00      1.00      1.00        21
transportation       1.00      1.00      1.00        21
         truck       1.00      1.00      1.00        21
        tshirt       0.95      1.00      0.98        20
       tuesday       0.78      1.00      0.88        14
          ugly       0.86      0.75      0.80         8
    university       1.00      0.95      0.97        20
        waiter       1.00      0.93      0.96        14
           war       1.00      0.93      0.96        14
          warm       1.00      1.00      1.00        21
            we       1.00      1.00      1.00        21
          weak       1.00      1.00      1.00         8
     wednesday       0.92      0.79      0.85        14
          week       1.00      0.71      0.83        14
           wet       0.88      1.00      0.93        21
         white       1.00      0.60      0.75        20
          wide       0.90      0.90      0.90        21
          wife       0.83      0.25      0.38        20
        window       1.00      1.00      1.00        14
        winter       0.64      1.00      0.78        14
         woman       0.85      0.55      0.67        20
          year       1.00      0.53      0.70        15
        yellow       0.93      0.70      0.80        20
     yesterday       1.00      0.43      0.60        14
           you       0.81      0.81      0.81        21
    you plural       0.91      0.95      0.93        21
         young       1.00      0.95      0.98        21
          NONE       1.00      1.00      1.00        16

      accuracy                           0.89      4273
     macro avg       0.91      0.87      0.88      4273
  weighted avg       0.90      0.89      0.88      4273
